Breakout-05
      Date,      Time,   Battery,  Fix,       Latitude,      Longitude,    Dp>0.3,    Dp>0.5,    Dp>1.0,    Dp>2.5,    Dp>5.0,   Dp>10.0,   PM1_Std, PM2.5_Std,  PM10_Std,   PM1_Env, PM2.5_Env,  PM10_Env
 2022/4/13,   11:58:8,  3.988750,    0,       0.000000,       0.000000,        81,        24,         3,         0,         0,         0,         0,         0,         0,         0,         0,         0
 2022/4/13,  11:58:18,  3.988750,    0,       0.000000,       0.000000,        45,        12,         0,         0,         0,         0,         0,         0,         0,         0,         0,         0
 2022/4/13,  11:58:28,  3.987500,    0,       0.000000,       0.000000,        90,        24,         0,         0,         0,         0,         0,         0,         0,         0,         0,         0
 2022/4/13,  11:58:38,  3.983750,    0,       0.000000,       0.000000,       108,        24,         0,         0,         0,         0,         0,         0,         0,         0,         0,         0
 2022/4/13,  11:58:48,  3.982500,    0,       0.000000,       0.000000,        81,        21,         0,         0,         0,         0,         0,         0,         0,         0,         0,         0
 2022/4/13,  11:59:15,  3.985000,    0,       0.000000,       0.000000,        36,         9,         3,         0,         0,         0,         0,         0,         0,         0,         0,         0
 2022/4/13,  11:59:25,  3.987500,    0,       0.000000,       0.000000,        63,        18,         3,         0,         0,         0,         0,         0,         0,         0,         0,         0
 2022/4/13,  11:59:35,  3.987500,    0,       0.000000,       0.000000,        90,        27,         3,         0,         0,         0,         0,         0,         0,         0,         0,         0
 2022/4/13,  11:59:45,  3.986250,    0,       0.000000,       0.000000,        45,        12,         3,         0,         0,         0,         0,         0,         0,         0,         0,         0
 2022/4/13,  11:59:55,  3.986250,    0,       0.000000,       0.000000,        45,        12,         0,         0,         0,         0,         0,         0,         0,         0,         0,         0
 2022/4/13,   12:0:15,  3.987500,    0,       0.000000,       0.000000,        45,        15,         0,         0,         0,         0,         0,         0,         0,         0,         0,         0
 2022/4/13,   12:0:25,  3.985000,    0,       0.000000,       0.000000,        36,        12,         0,         0,         0,         0,         0,         0,         0,         0,         0,         0
 2022/4/13,   12:0:35,  3.982500,    0,       0.000000,       0.000000,        27,         9,         0,         0,         0,         0,         0,         0,         0,         0,         0,         0
 2022/4/13,   12:0:45,  3.978750,    0,       0.000000,       0.000000,        18,         6,         0,         0,         0,         0,         0,         0,         0,         0,         0,         0
 2022/4/13,   12:0:55,  3.977500,    0,       0.000000,       0.000000,        27,         9,         0,         0,         0,         0,         0,         0,         0,         0,         0,         0
 2022/4/13,   12:1:15,  3.982500,    0,       0.000000,       0.000000,        54,        15,         0,         0,         0,         0,         0,         0,         0,         0,         0,         0
 2022/4/13,   12:1:25,  3.985000,    0,       0.000000,       0.000000,        63,        18,         0,         0,         0,         0,         0,         0,         0,         0,         0,         0
 2022/4/13,   12:1:35,  3.986250,    0,       0.000000,       0.000000,        36,        12,         0,         0,         0,         0,         0,         0,         0,         0,         0,         0
 2022/4/13,   12:1:45,  3.985000,    0,       0.000000,       0.000000,       156,        43,         3,         0,         0,         0,         0,         0,         0,         0,         0,         0
 2022/4/13,   12:1:55,  3.982500,    0,       0.000000,       0.000000,       147,        40,         3,         0,         0,         0,         0,         0,         0,         0,         0,         0
 2022/4/13,   12:2:15,  3.978750,    0,       0.000000,       0.000000,        36,        12,         0,         0,         0,         0,         0,         0,         0,         0,         0,         0
 2022/4/13,   12:2:25,  3.977500,    0,       0.000000,       0.000000,        72,        24,         0,         0,         0,         0,         0,         0,         0,         0,         0,         0
 2022/4/13,   12:2:35,  3.980000,    0,       0.000000,       0.000000,        36,         9,         0,         0,         0,         0,         0,         0,         0,         0,         0,         0
 2022/4/13,   12:2:45,  3.982500,    0,       0.000000,       0.000000,        54,        12,         0,         0,         0,         0,         0,         0,         0,         0,         0,         0
 2022/4/13,   12:2:55,  3.985000,    0,       0.000000,       0.000000,       108,        36,         3,         0,         0,         0,         0,         0,         0,         0,         0,         0
 2022/4/13,   12:3:15,  3.985000,    0,       0.000000,       0.000000,        72,        15,         3,         0,         0,         0,         0,         0,         0,         0,         0,         0
 2022/4/13,   12:3:25,  3.982500,    0,       0.000000,       0.000000,       153,        30,         3,         0,         0,         0,         0,         0,         0,         0,         0,         0
 2022/4/13,   12:3:35,  3.983750,    0,       0.000000,       0.000000,        45,         6,         3,         0,         0,         0,         0,         0,         0,         0,         0,         0
 2022/4/13,   12:3:45,  3.985000,    0,       0.000000,       0.000000,        18,         6,         0,         0,         0,         0,         0,         0,         0,         0,         0,         0
 2022/4/13,   12:3:55,  3.982500,    0,       0.000000,       0.000000,        63,        18,         9,         0,         0,         0,         0,         0,         0,         0,         0,         0
 2022/4/13,   12:4:15,  3.977500,    0,       0.000000,       0.000000,        18,         6,         0,         0,         0,         0,         0,         0,         0,         0,         0,         0
 2022/4/13,   12:4:25,  3.983750,    0,       0.000000,       0.000000,        45,        12,         0,         0,         0,         0,         0,         0,         0,         0,         0,         0
 2022/4/13,   12:4:35,  3.983750,    0,       0.000000,       0.000000,        27,         6,         0,         0,         0,         0,         0,         0,         0,         0,         0,         0
 2022/4/13,   12:4:45,  3.966250,    0,       0.000000,       0.000000,        36,        12,         0,         0,         0,         0,         0,         0,         0,         0,         0,         0
 2022/4/13,   12:4:55,  3.983750,    0,       0.000000,       0.000000,        72,        24,         0,         0,         0,         0,         0,         0,         0,         0,         0,         0
 2022/4/13,   12:5:15,  3.963750,    0,       0.000000,       0.000000,        27,         6,         0,         0,         0,         0,         0,         0,         0,         0,         0,         0
 2022/4/13,   12:5:35,  3.977500,    0,       0.000000,       0.000000,        72,        21,         0,         0,         0,         0,         0,         0,         0,         0,         0,         0
 2022/4/13,   12:5:55,  3.976250,    0,       0.000000,       0.000000,        63,        15,         3,         3,         0,         0,         0,         0,         1,         0,         0,         1
 2022/4/13,   12:6:15,  3.978750,    0,       0.000000,       0.000000,        99,        18,         3,         0,         0,         0,         0,         0,         0,         0,         0,         0
 2022/4/13,   12:6:35,  3.982500,    0,       0.000000,       0.000000,        72,        24,         3,         0,         0,         0,         0,         0,         0,         0,         0,         0
 2022/4/13,   12:6:55,  3.980000,    0,       0.000000,       0.000000,        18,         6,         0,         0,         0,         0,         0,         0,         0,         0,         0,         0
 2022/4/13,   12:7:15,  3.976250,    0,       0.000000,       0.000000,         9,         3,         0,         0,         0,         0,         0,         0,         0,         0,         0,         0
 2022/4/13,   12:7:35,  3.975000,    0,       0.000000,       0.000000,        63,        18,         0,         0,         0,         0,         0,         0,         0,         0,         0,         0
 2022/4/13,   12:7:55,  3.977500,    0,       0.000000,       0.000000,        54,        15,         0,         0,         0,         0,         0,         0,         0,         0,         0,         0
 2022/4/13,   12:8:15,  3.982500,    0,       0.000000,       0.000000,        63,        21,         0,         0,         0,         0,         0,         0,         0,         0,         0,         0
 2022/4/13,   12:8:35,  3.982500,    0,       0.000000,       0.000000,        27,         9,         0,         0,         0,         0,         0,         0,         0,         0,         0,         0
 2022/4/13,   12:8:55,  3.980000,    0,       0.000000,       0.000000,        36,         9,         0,         0,         0,         0,         0,         0,         0,         0,         0,         0
 2022/4/13,   12:9:15,  3.978750,    0,       0.000000,       0.000000,        81,        18,         0,         0,         0,         0,         0,         0,         0,         0,         0,         0
 2022/4/13,   12:9:35,  3.978750,    0,       0.000000,       0.000000,        18,         6,         0,         0,         0,         0,         0,         0,         0,         0,         0,         0
 2022/4/13,   12:9:55,  3.980000,    0,       0.000000,       0.000000,        45,         9,         0,         0,         0,         0,         0,         0,         0,         0,         0,         0
 2022/4/13,  12:10:15,  3.981250,    0,       0.000000,       0.000000,        45,        12,         0,         0,         0,         0,         0,         0,         0,         0,         0,         0
 2022/4/13,  12:10:35,  3.980000,    0,       0.000000,       0.000000,       108,        36,         0,         0,         0,         0,         0,         0,         0,         0,         0,         0
 2022/4/13,  12:10:55,  3.977500,    0,       0.000000,       0.000000,         9,         3,         0,         0,         0,         0,         0,         0,         0,         0,         0,         0
 2022/4/13,  12:11:15,  3.973750,    0,       0.000000,       0.000000,        27,         6,         0,         0,         0,         0,         0,         0,         0,         0,         0,         0
 2022/4/13,  12:11:35,  3.973750,    0,       0.000000,       0.000000,        27,         6,         0,         0,         0,         0,         0,         0,         0,         0,         0,         0
 2022/4/13,  12:11:55,  3.978750,    0,       0.000000,       0.000000,        27,         6,         0,         0,         0,         0,         0,         0,         0,         0,         0,         0
 2022/4/13,  12:12:15,  3.977500,    0,       0.000000,       0.000000,        18,         3,         0,         0,         0,         0,         0,         0,         0,         0,         0,         0
 2022/4/13,  12:12:35,  3.975000,    0,       0.000000,       0.000000,        54,        15,         3,         3,         3,         0,         0,         0,         0,         0,         0,         0
 2022/4/13,  12:12:55,  3.972500,    0,       0.000000,       0.000000,        63,        21,         0,         0,         0,         0,         0,         0,         0,         0,         0,         0
 2022/4/13,  12:13:15,  3.972500,    0,       0.000000,       0.000000,        36,        12,         3,         0,         0,         0,         0,         0,         0,         0,         0,         0
 2022/4/13,  12:13:35,  3.978750,    0,       0.000000,       0.000000,        45,        15,         0,         0,         0,         0,         0,         0,         0,         0,         0,         0
